0 : 70 : [-3.07, 33.39, 32.78, 6.94, -88.33, -1.58]
1 : 70 : [-3.158, 36.704, 30.319000000000003, 6.878, -88.356, -1.606]
2 : 70 : [-3.246, 40.018, 27.858, 6.816000000000001, -88.382, -1.6320000000000001]
3 : 70 : [-3.334, 43.332, 25.397000000000002, 6.7540000000000004, -88.408, -1.6580000000000001]
4 : 70 : [-3.422, 46.646, 22.936, 6.692, -88.434, -1.6840000000000002]
5 : 70 : [-3.51, 49.96, 20.475, 6.630000000000001, -88.46000000000001, -1.71]
6 : 70 : [-3.598, 53.274, 18.014000000000003, 6.5680000000000005, -88.486, -1.7360000000000002]
7 : 70 : [-3.686, 56.588, 15.553, 6.506, -88.512, -1.762]
8 : 70 : [-3.774, 59.902, 13.092000000000002, 6.444, -88.538, -1.788]
9 : 70 : [-3.862, 63.216, 10.631000000000004, 6.382000000000001, -88.56400000000001, -1.814]
10 : 70.0 : [-3.95, 66.53, 8.17, 6.32, -88.59, -1.84]
11 : 64.44444444444444 : [-3.95, 66.53, 8.17, 6.32, -88.59, -1.84]
12 : 58.888888888888886 : [-3.95, 66.53, 8.17, 6.32, -88.59, -1.84]
13 : 53.333333333333336 : [-3.95, 66.53, 8.17, 6.32, -88.59, -1.84]
14 : 47.77777777777778 : [-3.95, 66.53, 8.17, 6.32, -88.59, -1.84]
15 : 42.22222222222222 : [-3.95, 66.53, 8.17, 6.32, -88.59, -1.84]
16 : 36.66666666666667 : [-3.95, 66.53, 8.17, 6.32, -88.59, -1.84]
17 : 31.111111111111114 : [-3.95, 66.53, 8.17, 6.32, -88.59, -1.84]
18 : 25.555555555555557 : [-3.95, 66.53, 8.17, 6.32, -88.59, -1.84]
19 : 20.0 : [-3.95, 66.53, 8.17, 6.32, -88.59, -1.84]
20 : 20 : [-3.95, 66.53, 8.17, 6.32, -88.59, -1.84]
21 : 20 : [-3.996666666666667, 65.868, 8.703333333333333, 5.400666666666667, -88.77733333333333, -1.9806666666666668]
22 : 20 : [-4.043333333333334, 65.206, 9.236666666666666, 4.481333333333334, -88.96466666666667, -2.1213333333333333]
23 : 20 : [-4.09, 64.544, 9.77, 3.5620000000000007, -89.152, -2.262]
24 : 20 : [-4.136666666666667, 63.882, 10.303333333333335, 2.6426666666666674, -89.33933333333334, -2.4026666666666667]
25 : 20 : [-4.183333333333334, 63.22, 10.836666666666666, 1.7233333333333345, -89.52666666666667, -2.5433333333333334]
26 : 20 : [-4.23, 62.558, 11.370000000000001, 0.8040000000000012, -89.714, -2.684]
27 : 20 : [-4.276666666666667, 61.896, 11.903333333333334, -0.11533333333333218, -89.90133333333334, -2.824666666666667]
28 : 20 : [-4.323333333333333, 61.234, 12.436666666666667, -1.0346666666666655, -90.08866666666667, -2.9653333333333336]
29 : 20 : [-4.37, 60.572, 12.97, -1.9539999999999988, -90.27600000000001, -3.1060000000000003]
30 : 20 : [-4.416666666666667, 59.910000000000004, 13.503333333333334, -2.8733333333333313, -90.46333333333334, -3.246666666666667]
31 : 20 : [-4.463333333333334, 59.248000000000005, 14.036666666666669, -3.7926666666666655, -90.65066666666667, -3.3873333333333338]
32 : 20 : [-4.51, 58.586, 14.57, -4.711999999999998, -90.83800000000001, -3.5280000000000005]
33 : 20 : [-4.556666666666667, 57.924, 15.103333333333335, -5.631333333333332, -91.02533333333334, -3.6686666666666667]
34 : 20 : [-4.6033333333333335, 57.262, 15.636666666666668, -6.550666666666665, -91.21266666666668, -3.809333333333334]
35 : 20 : [-4.65, 56.6, 16.17, -7.47, -91.4, -3.95]
36 : 20 : [-4.579666666666667, 55.69466666666667, 16.424666666666667, -6.623666666666667, -91.29766666666667, -6.645333333333333]
37 : 20 : [-4.509333333333334, 54.78933333333333, 16.679333333333336, -5.777333333333333, -91.19533333333334, -9.340666666666667]
38 : 20 : [-4.439, 53.884, 16.934, -4.930999999999999, -91.093, -12.035999999999998]
39 : 20 : [-4.368666666666667, 52.97866666666667, 17.188666666666666, -4.084666666666666, -90.99066666666667, -14.731333333333332]
40 : 20 : [-4.298333333333334, 52.07333333333334, 17.443333333333335, -3.2383333333333324, -90.88833333333334, -17.426666666666666]
41 : 20 : [-4.228000000000001, 51.168, 17.698, -2.3919999999999995, -90.786, -20.121999999999996]
42 : 20 : [-4.157666666666667, 50.26266666666667, 17.952666666666666, -1.5456666666666665, -90.68366666666667, -22.81733333333333]
43 : 20 : [-4.0873333333333335, 49.35733333333334, 18.207333333333334, -0.6993333333333327, -90.58133333333333, -25.512666666666664]
44 : 20 : [-4.017, 48.452, 18.462, 0.14700000000000113, -90.479, -28.208]
45 : 20 : [-3.9466666666666668, 47.54666666666667, 18.71666666666667, 0.993333333333335, -90.37666666666667, -30.903333333333332]
46 : 20 : [-3.8763333333333336, 46.641333333333336, 18.971333333333334, 1.839666666666667, -90.27433333333333, -33.59866666666667]
47 : 20 : [-3.806, 45.736000000000004, 19.226, 2.686000000000001, -90.172, -36.294]
48 : 20 : [-3.735666666666667, 44.830666666666666, 19.480666666666668, 3.5323333333333347, -90.06966666666666, -38.989333333333335]
49 : 20 : [-3.6653333333333338, 43.925333333333334, 19.735333333333333, 4.378666666666667, -89.96733333333333, -41.684666666666665]
50 : 20 : [-3.595, 43.02, 19.99, 5.2250000000000005, -89.86500000000001, -44.38]
51 : 20 : [-3.5246666666666666, 42.114666666666665, 20.244666666666667, 6.071333333333334, -89.76266666666668, -47.07533333333333]
52 : 20 : [-3.4543333333333335, 41.20933333333333, 20.499333333333333, 6.917666666666668, -89.66033333333334, -49.77066666666666]
53 : 20 : [-3.3840000000000003, 40.304, 20.753999999999998, 7.764000000000002, -89.558, -52.466]
54 : 20 : [-3.3136666666666668, 39.39866666666667, 21.008666666666667, 8.610333333333337, -89.45566666666667, -55.16133333333333]
55 : 20 : [-3.243333333333333, 38.49333333333334, 21.263333333333332, 9.45666666666667, -89.35333333333334, -57.85666666666667]
56 : 20 : [-3.173, 37.588, 21.518, 10.303, -89.251, -60.552]
57 : 20 : [-3.102666666666667, 36.68266666666667, 21.772666666666666, 11.149333333333335, -89.14866666666667, -63.24733333333333]
58 : 20 : [-3.0323333333333333, 35.77733333333333, 22.02733333333333, 11.995666666666668, -89.04633333333334, -65.94266666666667]
59 : 20 : [-2.962, 34.872, 22.281999999999996, 12.842000000000002, -88.944, -68.63799999999999]
60 : 20 : [-2.8916666666666666, 33.96666666666667, 22.536666666666665, 13.688333333333336, -88.84166666666667, -71.33333333333333]
61 : 20 : [-2.8213333333333335, 33.06133333333334, 22.79133333333333, 14.53466666666667, -88.73933333333333, -74.02866666666667]
62 : 20 : [-2.7510000000000003, 32.156000000000006, 23.046, 15.381000000000004, -88.637, -76.724]
63 : 20 : [-2.6806666666666668, 31.250666666666667, 23.300666666666665, 16.227333333333334, -88.53466666666667, -79.41933333333333]
64 : 20 : [-2.610333333333333, 30.345333333333336, 23.55533333333333, 17.073666666666668, -88.43233333333333, -82.11466666666666]
65 : 20 : [-2.54, 29.44, 23.81, 17.92, -88.33, -84.81]
66 : 20 : [-1.0752000000000002, 30.178, 23.0784, 17.227600000000002, -87.398, -83.41080000000001]
67 : 20 : [0.3895999999999997, 30.916, 22.346799999999998, 16.535200000000003, -86.466, -82.0116]
68 : 20 : [1.8543999999999992, 31.654, 21.615199999999998, 15.8428, -85.53399999999999, -80.61240000000001]
69 : 20 : [3.3191999999999995, 32.392, 20.883599999999998, 15.150400000000001, -84.602, -79.2132]
70 : 20 : [4.784, 33.13, 20.152, 14.458000000000002, -83.67, -77.81400000000001]
71 : 20 : [6.248799999999998, 33.868, 19.4204, 13.765600000000001, -82.738, -76.4148]
72 : 20 : [7.713599999999999, 34.606, 18.6888, 13.0732, -81.806, -75.0156]
73 : 20 : [9.1784, 35.344, 17.9572, 12.3808, -80.874, -73.6164]
74 : 20 : [10.6432, 36.082, 17.2256, 11.688400000000001, -79.942, -72.2172]
75 : 20 : [12.108, 36.82, 16.494, 10.996, -79.00999999999999, -70.818]
76 : 20 : [13.5728, 37.558, 15.7624, 10.3036, -78.078, -69.4188]
77 : 20 : [15.037599999999998, 38.296, 15.0308, 9.6112, -77.146, -68.0196]
78 : 20 : [16.502399999999998, 39.034, 14.299199999999999, 8.918800000000001, -76.214, -66.6204]
79 : 20 : [17.9672, 39.772000000000006, 13.5676, 8.2264, -75.282, -65.2212]
80 : 20 : [19.432, 40.510000000000005, 12.836, 7.533999999999999, -74.35, -63.822]
81 : 20 : [20.8968, 41.248000000000005, 12.1044, 6.8416, -73.418, -62.422799999999995]
82 : 20 : [22.3616, 41.986000000000004, 11.3728, 6.1492, -72.486, -61.0236]
83 : 20 : [23.8264, 42.724000000000004, 10.6412, 5.456799999999999, -71.554, -59.624399999999994]
84 : 20 : [25.2912, 43.462, 9.909600000000001, 4.764399999999998, -70.622, -58.2252]
85 : 20 : [26.756, 44.2, 9.178, 4.071999999999999, -69.69, -56.82599999999999]
86 : 20 : [28.220799999999997, 44.938, 8.4464, 3.3796, -68.758, -55.4268]
87 : 20 : [29.6856, 45.676, 7.7148, 2.687199999999999, -67.826, -54.02759999999999]
88 : 20 : [31.150399999999998, 46.414, 6.9832, 1.994799999999998, -66.894, -52.6284]
89 : 20 : [32.615199999999994, 47.152, 6.2516, 1.3023999999999987, -65.962, -51.2292]
90 : 20 : [34.08, 47.89, 5.52, 0.61, -65.03, -49.83]
91 : 20 : [33.81333333333333, 48.42133333333334, 6.066666666666666, 0.81, -65.03, -50.36333333333333]
92 : 20 : [33.54666666666667, 48.952666666666666, 6.613333333333333, 1.01, -65.03, -50.89666666666667]
93 : 20 : [33.28, 49.484, 7.16, 1.21, -65.03, -51.43]
94 : 20 : [33.01333333333333, 50.01533333333333, 7.706666666666667, 1.4100000000000001, -65.03, -51.96333333333333]
95 : 20 : [32.74666666666666, 50.54666666666667, 8.253333333333334, 1.6099999999999999, -65.03, -52.49666666666666]
96 : 20 : [32.48, 51.078, 8.8, 1.81, -65.03, -53.03]
97 : 20 : [32.21333333333333, 51.60933333333333, 9.346666666666668, 2.01, -65.03, -53.56333333333333]
98 : 20 : [31.946666666666665, 52.14066666666667, 9.893333333333334, 2.21, -65.03, -54.096666666666664]
99 : 20 : [31.68, 52.672, 10.440000000000001, 2.4099999999999997, -65.03, -54.629999999999995]
100 : 20 : [31.41333333333333, 53.20333333333333, 10.986666666666666, 2.61, -65.03, -55.163333333333334]
101 : 20 : [31.146666666666665, 53.73466666666667, 11.533333333333333, 2.8099999999999996, -65.03, -55.696666666666665]
102 : 20 : [30.88, 54.266, 12.080000000000002, 3.0100000000000002, -65.03, -56.23]
103 : 20 : [30.61333333333333, 54.797333333333334, 12.626666666666669, 3.21, -65.03, -56.763333333333335]
104 : 20 : [30.346666666666664, 55.32866666666666, 13.173333333333334, 3.4099999999999997, -65.03, -57.29666666666667]
105 : 20.0 : [30.08, 55.86, 13.72, 3.61, -65.03, -57.83]
106 : 25.555555555555557 : [30.08, 55.86, 13.72, 3.61, -65.03, -57.83]
107 : 31.11111111111111 : [30.08, 55.86, 13.72, 3.61, -65.03, -57.83]
108 : 36.666666666666664 : [30.08, 55.86, 13.72, 3.61, -65.03, -57.83]
109 : 42.22222222222222 : [30.08, 55.86, 13.72, 3.61, -65.03, -57.83]
110 : 47.77777777777778 : [30.08, 55.86, 13.72, 3.61, -65.03, -57.83]
111 : 53.33333333333333 : [30.08, 55.86, 13.72, 3.61, -65.03, -57.83]
112 : 58.888888888888886 : [30.08, 55.86, 13.72, 3.61, -65.03, -57.83]
113 : 64.44444444444444 : [30.08, 55.86, 13.72, 3.61, -65.03, -57.83]
114 : 70.0 : [30.08, 55.86, 13.72, 3.61, -65.03, -57.83]
